min
temps=5500:3400
latlon=44.416698:26.116699
speed=1000
method=Auto
map=177.00,100;3.00,100;-6.00,0;-174.00,0;
